Comunidade 0:
0, 1, 2, 3, 5, 7, 8, 10, 11, 12, 13, 16, 17, 19, 21, 22, 25, 28, 30, 31, 32, 34, 35, 36, 38, 39, 40, 41, 42, 43, 44, 46, 47, 48, 50, 53, 55, 57, 58, 60, 61, 62, 63, 65, 67, 68, 71, 72, 73, 75, 76, 77, 78, 79, 82, 84, 86, 87, 89, 90, 92, 94, 95, 96, 97, 98, 99, 100, 101, 103, 104, 105, 112, 113, 117, 119, 121, 123, 128, 129, 132, 133, 135, 136, 138, 140, 141, 142, 144, 145, 148, 149, 151, 153, 155, 156, 157, 159, 160, 162, 164, 167, 168, 173, 174, 176, 177, 178, 180, 183, 186, 189, 190, 194, 196, 197, 198, 199, 200, 201, 203, 204, 205, 206, 207, 208, 210, 211, 212, 213, 219, 223, 227, 229, 230, 231, 232, 233, 234, 235, 236, 239, 240, 243, 244, 251, 252, 253, 255, 256, 257, 258, 260, 261, 269, 270, 271, 273, 275, 276, 277, 282, 285, 286, 287, 290, 293, 294, 295, 300, 301, 309, 311, 312, 320, 321, 327, 330, 331, 332, 337, 338, 347, 349, 353, 354, 358, 362, 364, 365, 367, 368, 374, 376, 380, 381, 382, 383, 385, 386, 389, 390, 391, 395, 397, 403, 404, 405, 406, 409, 410, 413, 419, 422, 429, 430, 436, 437, 439, 447, 448, 451, 455, 458, 459, 467, 484, 485, 488, 489, 503, 519, 540, 551, 553, 556, 559, 633

Comunidade 1:
4, 6, 9, 15, 20, 23, 24, 27, 29, 33, 37, 45, 49, 52, 54, 56, 59, 69, 70, 74, 81, 83, 85, 88, 91, 93, 102, 108, 110, 111, 114, 115, 118, 122, 124, 126, 127, 131, 134, 137, 139, 143, 146, 147, 152, 158, 163, 165, 166, 169, 171, 172, 175, 181, 182, 184, 185, 187, 188, 191, 192, 193, 202, 209, 214, 216, 217, 218, 221, 222, 224, 225, 226, 237, 238, 241, 242, 245, 246, 247, 249, 250, 254, 259, 262, 263, 264, 265, 267, 268, 274, 278, 279, 280, 281, 284, 288, 289, 302, 303, 304, 305, 306, 307, 310, 313, 314, 315, 316, 317, 318, 319, 322, 323, 324, 328, 334, 335, 336, 339, 340, 341, 342, 343, 344, 345, 346, 348, 351, 352, 356, 357, 359, 360, 361, 366, 371, 373, 377, 378, 379, 384, 392, 393, 400, 412, 416, 417, 418, 423, 424, 427, 434, 435, 442, 445, 449, 450, 453, 462, 463, 464, 465, 468, 469, 470, 471, 474, 475, 476, 477, 478, 479, 480, 482, 483, 496, 497, 498, 500, 501, 502, 507, 508, 515, 516, 522, 523, 524, 525, 526, 527, 529, 531, 532, 549, 550, 571, 573, 574, 594, 624, 636

Comunidade 2:
14

Comunidade 3:
18, 64, 154, 161, 195, 308, 329, 355, 369, 372, 375, 396, 398, 399, 401, 402, 407, 408, 411, 414, 425, 428, 431, 432, 438, 441, 443, 444, 446, 452, 454, 456, 457, 461, 466, 472, 473, 481, 486, 490, 491, 492, 493, 494, 495, 499, 504, 505, 509, 510, 511, 512, 513, 514, 517, 518, 520, 521, 528, 530, 533, 534, 536, 537, 538, 539, 541, 542, 544, 545, 546, 547, 548, 552, 554, 555, 557, 558, 560, 561, 562, 563, 564, 565, 566, 567, 568, 569, 572, 575, 576, 577, 578, 579, 580, 581, 582, 583, 584, 585, 586, 587, 588, 589, 590, 591, 592, 593, 595, 596, 597, 601, 602, 603, 604, 605, 606, 607, 608, 609, 610, 611, 612, 613, 614, 615, 617, 619, 621, 622, 627, 629, 631, 632, 634, 644, 645, 646, 650, 651, 652, 654, 656, 657, 658, 659, 661, 662, 663, 664, 665, 667, 669, 670, 671, 676, 677, 678, 679, 680, 681, 682, 686, 687, 688, 689, 692, 693, 694, 695, 696, 697, 698, 699, 700, 709, 714, 715, 716, 717, 718, 719, 720, 732, 733, 734, 735, 736, 755, 757, 758, 768, 782, 785, 786, 788, 789, 798, 829, 830, 831, 832, 860, 950

Comunidade 4:
26, 51, 66, 80, 106, 107, 109, 116, 120, 125, 130, 150, 170, 179, 215, 220, 228, 248, 266, 272, 283, 291, 292, 296, 297, 298, 299, 325, 326, 333, 350, 363, 387, 388, 394, 415, 420, 421, 426, 433, 440

Comunidade 5:
370, 460, 487, 506, 535, 543, 570, 598, 599, 600, 616, 618, 620, 623, 625, 626, 628, 630, 635, 637, 638, 639, 640, 641, 642, 643, 647, 648, 649, 653, 655, 660, 666, 668, 672, 673, 674, 675, 683, 684, 685, 690, 691, 701, 702, 703, 704, 705, 706, 707, 708, 710, 711, 712, 713, 721, 722, 723, 724, 725, 726, 727, 728, 729, 730, 731, 737, 738, 739, 740, 741, 742, 743, 744, 745, 746, 747, 748, 749, 750, 751, 752, 753, 754, 756, 759, 760, 761, 762, 763, 764, 765, 766, 767, 769, 770, 771, 772, 773, 774, 775, 776, 777, 778, 779, 780, 781, 783, 784, 787, 790, 791, 792, 793, 794, 795, 796, 797, 799, 800, 801, 802, 803, 804, 805, 806, 807, 808, 809, 810, 811, 812, 813, 814, 815, 816, 817, 818, 819, 820, 821, 822, 823, 824, 825, 826, 827, 828, 833, 834, 835, 836, 837, 838, 839, 840, 841, 842, 843, 844, 845, 846, 847, 848, 849, 850, 851, 852, 853, 854, 855, 856, 857, 858, 859, 861, 862, 863, 864, 865, 866, 867, 868, 869, 870, 871, 872, 873, 874, 875, 876, 877, 878, 879, 880, 881, 882, 883, 884, 885, 886, 887, 888, 889, 890, 891, 892, 893, 894, 895, 896, 897, 898, 899, 900, 901, 902, 903, 904, 905, 906, 907, 908, 909, 910, 911, 912, 913, 914, 915, 916, 917, 918, 919, 920, 921, 922, 923, 924, 925, 926, 927, 928, 929, 930, 931, 932, 933, 934, 935, 936, 937, 938, 939, 940, 941, 942, 943, 944, 945, 946, 947, 948, 949, 951, 952, 953, 954, 955, 956, 957, 958, 959, 960

