Comunidade 0:
0, 14, 142, 152, 155, 189, 213, 218, 250, 259, 273, 280, 289, 311, 316, 333, 342, 346, 362, 367, 370, 433, 434, 456, 470, 483, 487, 566, 569, 571, 591, 595, 598, 613, 616, 623, 639, 660, 671, 675, 683, 686, 701, 703, 713, 714, 719, 734, 753, 783, 788, 811, 816, 835, 840, 842, 846, 847, 856, 870, 879, 889, 894, 905, 910, 911, 915, 922, 928, 943, 957, 959

Comunidade 1:
1, 3, 4, 7, 18, 26, 30, 33, 35, 37, 45, 49, 59, 62, 66, 83, 88, 94, 100, 106, 109, 117, 121, 124, 125, 126, 147, 148, 151, 157, 171, 172, 173, 177, 179, 184, 190, 191, 195, 198, 199, 208, 219, 224, 225, 227, 232, 237, 245, 249, 260, 262, 263, 264, 272, 275, 286, 287, 290, 291, 292, 293, 303, 305, 306, 310, 314, 317, 319, 324, 327, 337, 351, 353, 356, 357, 368, 381, 384, 386, 388, 394, 397, 398, 412, 415, 419, 420, 429, 432, 435, 440, 447, 449, 452, 453, 457, 459, 468, 476, 488, 503, 506, 511, 515, 518, 519, 522, 533, 544, 549, 575, 586, 588, 609, 618, 625, 630, 631, 642, 644, 677, 690, 692, 716, 718, 727, 733, 736, 752, 777, 784, 801, 841, 853, 863, 865, 874, 886, 892, 895, 898, 904, 907, 912, 920, 921, 934, 946, 951

Comunidade 2:
2, 15, 21, 24, 38, 39, 41, 42, 69, 77, 79, 80, 93, 96, 102, 103, 120, 131, 134, 135, 137, 138, 139, 144, 165, 174, 176, 185, 197, 205, 206, 212, 238, 243, 246, 251, 256, 265, 266, 299, 304, 307, 320, 339, 364, 402, 428, 444, 445, 461, 500, 521, 527, 536, 541, 542, 543, 555, 557, 565, 567, 573, 580, 589, 590, 597, 602, 621, 626, 627, 637, 691, 702, 706, 707, 708, 712, 725, 754, 758, 764, 773, 790, 803, 807, 818, 822, 823, 824, 826, 837, 858, 860, 861, 880, 902, 914, 916, 930, 933, 941, 947, 960

Comunidade 3:
5, 10, 11, 13, 23, 40, 53, 55, 56, 63, 87, 98, 107, 108, 122, 129, 149, 163, 175, 180, 181, 182, 188, 200, 201, 202, 222, 226, 239, 240, 242, 257, 276, 294, 315, 340, 427, 441, 492, 497, 504, 514, 517, 532, 562, 578, 596, 624, 636, 646, 657, 659, 665, 672, 693, 705, 720, 726, 745, 747, 755, 760, 766, 767, 772, 780, 785, 791, 793, 813, 819, 827, 830, 836, 852, 891, 897, 908, 923, 926, 931, 936, 945

Comunidade 4:
6, 16, 27, 28, 31, 36, 76, 101, 104, 123, 132, 133, 143, 158, 160, 166, 207, 216, 235, 248, 254, 271, 274, 283, 313, 335, 344, 347, 363, 371, 376, 389, 392, 399, 401, 404, 407, 409, 422, 436, 439, 448, 450, 455, 460, 471, 480, 482, 485, 486, 489, 490, 508, 512, 513, 528, 529, 537, 547, 550, 551, 553, 554, 556, 587, 599, 600, 614, 615, 634, 635, 643, 658, 661, 664, 668, 669, 684, 694, 704, 715, 724, 741, 749, 756, 757, 759, 765, 794, 797, 806, 809, 828, 832, 838, 854, 871, 875, 878, 893, 938, 940

Comunidade 5:
8, 20, 46, 47, 52, 57, 64, 68, 70, 71, 72, 84, 99, 112, 127, 145, 156, 159, 167, 169, 203, 204, 209, 215, 234, 267, 269, 279, 284, 298, 302, 309, 323, 326, 331, 332, 336, 338, 348, 349, 350, 354, 359, 361, 377, 379, 380, 382, 390, 395, 405, 408, 417, 423, 424, 438, 442, 446, 451, 458, 462, 465, 477, 478, 495, 499, 501, 507, 510, 523, 540, 561, 568, 574, 581, 584, 592, 628, 640, 647, 651, 652, 654, 666, 673, 678, 685, 696, 699, 721, 722, 728, 732, 779, 781, 787, 864, 873, 877, 896, 899, 919, 927, 954

Comunidade 6:
9, 17, 25, 43, 44, 67, 82, 86, 110, 114, 118, 119, 141, 150, 168, 194, 196, 220, 223, 255, 270, 278, 282, 297, 334, 343, 365, 372, 374, 375, 393, 403, 406, 411, 414, 431, 464, 475, 481, 516, 530, 558, 564, 582, 641, 663, 670, 681, 695, 710, 729, 748, 751, 761, 762, 770, 775, 792, 798, 802, 804, 820, 833, 867, 869, 872, 881, 882, 885, 888, 890, 900, 901, 913, 917, 924, 925, 932, 948, 950, 953

Comunidade 7:
12, 22, 50, 60, 78, 85, 92, 113, 115, 136, 162, 193, 228, 233, 236, 258, 295, 308, 321, 322, 330, 341, 355, 360, 373, 378, 400, 418, 421, 425, 437, 454, 505, 509, 525, 526, 531, 548, 552, 570, 576, 601, 603, 604, 605, 648, 688, 698, 700, 735, 737, 763, 771, 774, 786, 789, 810, 812, 817, 821, 825, 829, 844, 845, 850, 862, 868, 906, 929, 937, 942, 944, 955

Comunidade 8:
19, 32, 34, 54, 61, 90, 116, 170, 192, 231, 277, 385, 443, 469, 496, 534, 572, 579, 608, 612, 622, 638, 655, 667, 676, 680, 711, 740, 750, 778, 800, 839, 848, 876, 884, 903, 935, 949, 956

Comunidade 9:
29, 58, 65, 74, 75, 81, 89, 95, 97, 105, 111, 130, 146, 154, 161, 178, 183, 186, 211, 214, 217, 221, 229, 241, 244, 247, 252, 253, 268, 281, 288, 296, 300, 301, 312, 325, 329, 345, 352, 358, 366, 369, 383, 387, 391, 396, 410, 416, 426, 430, 463, 466, 467, 472, 473, 479, 484, 491, 493, 494, 502, 520, 524, 535, 538, 545, 546, 559, 563, 577, 583, 585, 593, 606, 607, 611, 619, 620, 629, 632, 633, 645, 649, 650, 653, 656, 662, 679, 682, 687, 689, 697, 709, 717, 730, 738, 739, 742, 743, 744, 746, 768, 769, 776, 782, 795, 796, 799, 805, 808, 814, 815, 831, 834, 843, 857, 859, 883, 887, 909, 939, 952

Comunidade 10:
48, 51, 73, 91, 128, 140, 153, 164, 187, 210, 230, 261, 285, 318, 328, 413, 474, 498, 539, 560, 594, 610, 617, 674, 723, 731, 849, 851, 855, 866, 918, 958

